00000  02473  05895  08085  05145  00378  02139  05351  06910  06133  05565  05456  01705  06897  05681  06725  07689  08670  08433  05642  01270 07933 02586 08480 05811 06870 00414 05970 08406 02259
02473  00000  07165  07582  06864  02196  00747  04198  08382  07640  04381  04388  00806  08327  04601  05762  07968  10401  10976  07134  01405 09158 00760 09896 04335 09098 01747 04584 08510 00739
05895  07165  00000  03638  01303  06251  06579  05063  01237  00804  05086  04861  06951  05922  04837  04405  02367  03253  02788  00559  06328 02056 06837 02733 05733 00967 06247 05489 02963 06578
08085  07582  03638  00000  04927  08321  07229  03420  03676  04004  03259  03215  08023  03627  03013  01870  01356  04066  03630  04178  07753 03050 06849 03448 03516 02983 08814 03221 01198 06899
05145  06864  01303  04927  00000  05472  06287  05956  01802  01079  06028  05785  06444  01793  05813  05589  03639  03592  03290  00751  05805 02852 06772 03321 06705 02334 05894 06504 04190 06443
00378  02196  06251  08321  05472  00000  01745  05440  07243  06468  05653  05562  01235  07231  05788  11058  07996  08974  08756  05978  00862 08270 02475 08808 05845 07207 00236 06025 08709 02175
02139  00747  06579  07229  06287  01745  00000  03940  07776  07038  04139  04106  00802  08632  04329  05491  07466  09798  09358  06553  00888 08562 00740 09294 04201 07382 01514 04419 08054 00436
05351  04198  05063  03420  05956  05440  03940  00000  05980  05739  00216  00231  04731  05911  00407  01565  04180  07278  06757  05503  04656 05958 03451 06593 00773 05170 05229 00713 04487 03556
06910  08382  01237  03676  01802  07243  07776  05980  00000  00780  05956  05759  08123  00082  05699  04985  02332  02024  01588  01284  07469 01049 08072 01575 06540 00839 07298 06261 02658 07810
06133  07640  00804  04004  01079  06468  07038  05739  00780  00000  05755  05533  07332  00747  05501  05000  02665  02761  02363  00510  06694 01798 07392 02353 06394 01061 06696 06143 03151 07107
05565  04381  05086  03259  06028  05653  04139  00216  05956  05755  00000  00248  04933  05886  00279  01392  04077  07171  06659  05544  04864 05878 03635 06492 00660 05137 05669 00533 04351 03751
05456  04388  04861  03215  05785  05562  04106  00231  05759  05533  00248  00000  04906  05689  00228  01376  03952  07050  06535  05311  04796 05727 03643 06363 00907 04946 05342 00771 04266 03733
01705  00806  06951  08023  06444  01235  00802  04731  08123  07332  04933  04906  00000  08076  05128  06292  08168  10035  09708  06823  00641 09020 01391 09692 04965 07855 01055 05195 08794 01199
06897  08327  05922  03627  01793  07231  08632  05911  00082  00747  05886  05689  08076  00000  05614  04908  02272  02069  01639  01244  08162 01059 08002 01618 06842 00759 07422 06587 02625 07744
05681  04601  04837  03013  05813  05788  04329  00407  05699  05501  00279  00228  05128  05614  00000  01160  03801  06897  06391  05305  05023 05599 03855 06216 00882 04865 05583 00679 04087 03952
06725  05762  04405  01870  05589  11058  05491  01565  04985  05000  01392  01376  06292  04908  01160  00000  02838  05868  05388  04944  06148 04669 05016 05206 01690 04153 06871 01389 02997 05108
07689  07968  02367  01356  03639  07996  07466  04180  02332  02665  04077  03952  08168  02272  03801  02838  00000  03093  02580  02889  07704 01832 07318 02404 04532 01653 09125 04600 00705 07246
08670  10401  03253  04066  03592  08974  09798  07278  02024  02761  07171  07050  10035  02069  06897  05868  03093  00000  00546  03268  09397 01420 10054 00699 07556 02530 09545 07256 02882 09817
08433  10976  02788  03630  03290  08756  09358  06757  01588  02363  06659  06535  09708  01639  06391  05388  02580  00546  00000  02866  09069 00876 09537 00185 07078 02010 08965 06777 02436 09323
05642  07134  00559  04178  00751  05978  06553  05503  01284  00510  05544  05311  06823  01244  05305  04944  02889  03268  02866  00000  06186 02276 06906 02858 06206 01371 06022 05976 03451 06613
01270  01405  06328  07753  05805  00862  00888  04656  07469  06694  04864  04796  00641  08162  05023  06148  07704  09397  09069  06186  00000 08403 01626 09186 05009 07249 00628 05203 08372 01315
07933  09158  02056  03050  02852  08270  08562  05958  01049  01798  05878  05727  09020  01059  05599  04669  01832  01420  00876  02276  08403 00000 08677 00754 06342 01180 08333 06044 01885 08483
02586  00760  06837  06849  06772  02475  00740  03451  08072  07392  03635  03643  01391  08002  03855  05016  07318  10054  09537  06906  01626 08677 00000 09431 03589 07528 02248 03831 07799 00366
08480  09896  02733  03448  03321  08808  09294  06593  01575  02353  06492  06363  09692  01618  06216  05206  02404  00699  00185  02858  09186 00754 09431 00000 06896 01920 08862 06595 02251 09234
05811  04335  05733  03516  06705  05845  04201  00773  06540  06394  00660  00907  04965  06842  00882  01690  04532  07556  07078  06206  05009 06342 03589 06896 00000 05721 06117 00301 04678 03774
06870  09098  00967  02983  02334  07207  07382  05170  00839  01061  05137  04946  07855  00759  04865  04153  01653  02530  02010  01371  07249 01180 07528 01920 05721 00000 07268 06117 02097 07316
00414  01747  06247  08814  05894  00236  01514  05229  07298  06696  05669  05342  01055  07422  05583  06871  09125  09545  08965  06022  00628 08333 02248 08862 06117 07268 00000 06168 09798 01943
05970  04584  05489  03221  06504  06025  04419  00713  06261  06143  00533  00771  05195  06587  00679  01389  04600  07256  06777  05976  05203 06044 03831 06595 00301 06117 06168 00000 04379 03998
08406  08510  02963  01198  04190  08709  08054  04487  02658  03151  04351  04266  08794  02625  04087  02997  00705  02882  02436  03451  08372 01885 07799 02251 04678 02097 09798 04379 00000 07775
02259  00739  06578  06899  06443  02175  00436  03556  07810  07107  03751  03733  01199  07744  03952  05108  07246  09817  09323  06613  01315 08483 00366 09234 03774 07316 01943 03998 07775 00000
